0935
6386
0027
4280
1134
3868
2109
0841
6675
3465
3471
3706
4125
6854
3382
1498
4247
4554
0688
0217
4081
6413
2395
6432
4851
3846
0503
2847
2518
0259
3477
1235
3365
1362
6953
5026
1929
6692
2058
6878
1012
6920
6760
2133
6443
0859
0391
3606
6067
4121
5444
1133
6152
5260
5673
6071
1597
2967
3960
6852
4352
3550
3223
2757
6404
2536
5850
5252
3595
4903
5581
6387
3035
2644
5036
6730
0192
3751
3485
6120
5292
4704
3639
4004
4756
6993
1608
6493
1790
2099
3861
5886
4629
2481
1684
4753
1518
6469
4720
0788
3619
1131
1995
1239
2299
3220
6591
3461
1030
4980
1722
1615
1340
2240
6833
5912
6052
0287
3986
6536
2588
3895
2094
0808
1082
0462
3399
6740
6798
6481
6025
5827
4063
0995
2120
3440
4745
3304
5828
2992
2399
5589
0087
2867
1872
5077
5206
3196
0057
2927
5323
2802
1611
3097
1801
1256
5709
4154
3257
5881
0434
6194
4109
3233
1320
0863
5597
4825
4730
6366
1521
6275
6474
5392
0198
5586
6454
4639
1526
1777
5283
4870
0281
0328
0382
2911
0898
4341
0371
3120
3502
2358
6550
0120
3406
3754
0865
0563
6816
1124
4048
1724
6083
4013
2892
5364
5121
6284
4510
5844
0055
0818
3410
4824
4714
3452
1456
2283
0128
4442
5031
1743
5214
4475
3152
2222
3733
4305
3549
1395
6116
2621
4713
1268
0277
5025
6731
0954
0174
1283
6697
4482
4241
4181
4550
5502
0613
5013
3457
1967
1499
6822
2550
5048
0257
3445
2712
0934
2427
6985
6699
0976
2322
3801
5213
1975
4254
0388
6729
2673
1045
6894
6767
5707
6676
0913
2115
1696
3681
1750
3342
2405
4502
1115
1443
0671
1337
5957
2805
5860
6538
1031
2812
4768
1192
2725
3300
6725
3278
1810
6658
2962
1438
0625
6179
3788
1330
1943
4479
6866
2194
1683
1501
4299
1506
3949
1998
5256
4882
6211
1490
2346
6823
2246
5248
6300
3388
5363
6951
5001
3231
5685
6047
5605
5684
4874
5664
2006
3401
5524
5250
6990
6914
3961
4130
1918
2142
4763
1721
4472
0351
4576
3885
6635
6527
2107
2135
2274
3567
4132
6482
0050
6537
0605
6485
4035
6234
6066
0854
5759
6163
0409
5372
4212
1977
3276
2832
3337
4937
2828
5776
3425
5074
4839
4751
2615
3499
0189
2809
6226
1226
6021
1674
6908
6505
3789
5754
5580
5347
5448
0753
3427
4301
4563
5991
5447
6349
5499
5341
4627
1280
0138
5471
1281
4881
1537
6394
2063
1405
1050
6045
3829
2923
2963
1866
3867
5980
3512
1141
6458
2080
0141
1238
6272
3357
4982
4833
1315
2509
0545
6335
6552
1622
2089
3709
5779
1289
3553
6671
0644
4909
6423
0494
1311
2103
6707
3006
4375
5344
2212
3878
5470
1495
5722
2953
2787
3905
2476
2137
3439
6131
3073
1766
3764
4364
1459
5196
4028
3728
0599
4395
6882
4219
3541
4010
5622
5770
1215
0412
3057
5154
1228
1090
3072
3305
6311
3871
1202
6088
4667
6741
3954
4632
5405
0109
3897
2052
0580
6137
5388
2007
0693
1996
2067
5806
4279
3020
2378
5718
1089
1869
0176
6751
1985
0656
2429
0940
2105
4088
2494
1758
0797
5428
3836
6110
1118
3970
1561
5570
4782
6151
0806
0730
4807
0377
6748
4649
5734
4943
2981
3237
6467
3324
6254
5954
4445
4941
1274
2878
3478
5299
4858
5550
4718
1241
6459
5379
6433
6849
0617
0292
2724
0122
0929
0683
5067
2717
4850
4167
4164
1598
5134
3004
5983
6207
2442
2343
0450
4717
3913
1023
3773
4431
0874
2455
4829
5569
2666
4620
5005
3729
6460
5872
0558
0742
0569
5625
2411
5084
4033
0837
0534
4948
3249
0639
6055
3608
1910
2046
0213
3149
1855
1348
2613
0123
2670
2607
5676
2309
2376
1111
0846
4458
4945
1727
2887
3270
0497
5633
2139
6378
1944
1191
3494
0463
1973
3134
0045
2572
2736
5591
0252
3798
1357
4860
2102
3807
6243
4311
6197
5706
6590
2856
5441
5305
3932
4335
5338
5387
0477
6873
0510
1312
4090
4934
3450
1237
6645
6614
4658
1531
1935
5816
1662
0587
4727
5904
0838
2884
0396
1720
3354
4673
1978
4328
4969
1057
6808
3298
1079
5578
6848
0615
2157
4642
4312
1425
1273
0700
5882
5627
3362
6520
6769
4421
5033
5528
4108
1098
0459
4852
0309
3584
2635
3579
0538
1752
5688
3780
2622
2055
1949
4355
4326
3916
4005
0216
6841
1646
3704
3839
2264
5691
3094
5114
6952
1333
6991
3591
1287
6599
6223
0957
1352
4416
4619
4687
5255
1654
1363
1005
0786
0397
5741
2406
5549
5304
6064
5719
5028
4412
2578
1527
6790
6608
5339
1515
2446
3293
5867
1873
0298
0543
0917
0924
0069
6465
0652
6937
5576
0878
5300
3730
4890
4976
4716
2515
5836
1803
4654
4902
5802
5334
4963
2838
5319
6778
0767
4203
0393
5979
0299
2804
6241
1322
0544
4120
2146
5609
1475
5282
3636
0636
0121
0689
5859
5188
6255
0506
4111
4487
5469
0493
1373
5239
2507
3352
5492
1185
0862
2131
3655
3295
2696
6624
4761
6885
0119
1487
6641
1546
5482
5302
2616
3302
3415
2122
4072
6123
0067
2140
6661
3009
4970
1145
1412
6265
1345
2037
5742
5577
3186
3587
2573
3340
2412
5080
0376
5564
3668
5149
4304
5590
2085
6377
2342
4820
3309
2039
4877
2599
1802
6844
4692
3928
6313
6158
0227
0904
2715
5599
1116
3217
0324
1243
6253
5797
1552
3975
2634
4325
4080
6905
3219
0775
2464
3957
3737
3500
4597
2470
0008
1804
0160
0992
3759
4463
3326
1734
4512
5655
0108
2303
0349
4846
1077
5190
2522
2952
2581
2485
2258
5931
5826
1787
0747
1986
6457
1843
2720
0915
4485
4419
4478
2903
1510
5402
2693
1711
1465
2945
5518
2580
1617
3421
0877
0395
6670
6509
1888
5238
3690
3652
0584
0193
5695
6895
3755
4451
3384
0466
6085
0879
2123
5169
0645
0894
3605
2831
1981
3826
5108
3953
3985
4174
3289
5199
0130
3448
2219
6376
4911
1962
2931
4283
2469
2341
5068
5830
4197
2270
4042
0016
5888
5509
1649
5853
2166
3945
3067
5159
5490
0661
1760
5660
6563
4153
0496
4612
6419
6737
3989
2980
4738
0663
2598
3872
4801
5148
3043
5045
2560
6160
6619
1621
0869
2062
2118
3703
6351
0385
4239
5778
5163
5178
1482
5124
6621
0300
0378
5529
6974
5855
0186
6507
5669
5111
5176
1314
6105
2888
6497
4661
1868
4018
0208
4977
1817
5909
0533
5328
3635
3724
0985
2151
0876
2497
0047
3865
0029
6274
3106
5120
1931
6014
0228
1063
4991
0204
6588
4596
3890
0539
6623
1999
5055
5027
4974
6390
1652
0522
3656
3369
0897
0167
2506
3843
2208
2686
2538
0541
5994
2978
0222
3701
3990
3037
0421
5391
2262
2284
0971
2748
3705
6177
1411
5161
6979
0521
5750
6945
6789
0200
2293
1583
0706
6235
5099
5185
4742
1788
0501
2298
5046
1153
0735
4843
1355
4044
1823
6044
6569
3958
5189
4281
5815
6933
3966
1497
0765
3066
5054
5999
1536
0989
3130
6994
1269
1899
3466
1618
3318
1528
4643
4300
3187
2141
3235
4731
4440
4076
2108
0340
6463
4089
5325
1553
3313
5638
0289
1950
5262
6785
5940
5366
6138
3260
3680
4898
0609
4295
2697
5858
1453
3194
0728
2861
2202
4387
2168
1372
2321
5845
3339
0280
5138
1044
2158
3726
6696
3642
4723
5018
2602
5409
4297
3823
4142
1957
1789
3240
4917
3486
3531
3851
4796
1095
5517
6755
3394
2595
1824
3171
6861
6035
0550
4373
3806
6020
2159
2095
4569
6628
0499
5234
2950
4025
1893
1897
3470
3198
0369
3749
5049
4359
2160
5415
2189
5955
0423
1642
4144
0849
3034
0126
0582
0010
0278
2182
6266
0100
5650
3299
3190
2195
6492
2448
6754
2933
0071
0738
5106
5730
2585
6418
1731
4365
4759
3102
4798
4511
3491
4932
5340
5937
1991
3429
5193
3321
4098
5661
1969
6360
5162
5165
1863
2224
4538
0223
1835
4779
2437
0073
5220
3926
0719
0470
2546
3218
3327
2225
3060
5973
3025
4529
5369
4933
5703
1908
4892
4725
6290
6238
1435
4393
6532
5765
5167
2799
2564
2057
2694
2096
2687
5416
6650
5179
1039
2829
0214
0748
5720
2642
0975
1856
2985
2876
0890
6586
4051
6943
4024
6395
1394
4696
0815
3525
1203
1209
6856
6249
6080
2278
0792
4009
5146
5277
2196
3866
0813
1785
6988
1038
1008
0456
2922
3332
5739
6375
5117
6940
0320
1739
0207
1413
6941
1678
6262
5808
4834
4456
4741
3833
5861
5311
1108
4702
0782
5521
4841
0770
4808
3089
1587
5116
2898
6773
6935
0464
2563
0230
2893
5122
1021
1339
5553
3937
3586
2576
6739
3215
4101
0283
6018
0373
3248
1963
3969
5835
1227
1602
1917
3107
4580
3883
5893
5789
2501
6103
4428
6468
5253
4169
1697
5061
0659
2979
6981
2071
2966
2317
4146
4815
6154
3513
2571
3904
3887
6733
5595
3063
6652
5716
5710
6374
0867
6450
6498
2417
5653
1022
2726
1003
1579
1663
5795
0233
6626
1388
1415
5993
6031
0246
4524
5992
6001
2091
5317
3955
3212
5693
5089
4641
4218
3206
0740
6815
0939
4589
0612
4184
6189
0419
0505
4786
2056
6884
4588
2053
1989
2987
5670
2983
6881
5393
3901
3325
5878
5294
2070
6220
3230
2654
2772
3781
1938
2345
2311
2054
4531
2098
0834
2092
4276
5944
1351
5014
5548
2077
0028
1699
3179
6562
1539
2855
5749
4474
6909
2944
1172
4003
6295
1800
6438
1212
2425
1217
5330
6169
0321
4470
0197
0709
3404
0458
0802
4605
4258
6506
6666
2754
2360
5474
0404
2906
1201
3389
3266
1478
5133
6486
0666
0426
5583
0448
4568
2352
0610
6109
5843
6724
5733
2894
0495
6461
6471
2904
4557
6259
2285
6899
0344
1219
5579
2605
6026
4809
2707
1218
4906
1272
5598
5506
0691
6888
2431
2740
0696
0980
0606
2391
5935
2692
3802
1781
6606
1971
6976
4952
4060
3161
1980
5181
1000
4103
6576
2130
5760
3405
5585
6329
3031
2823
5484
2600
5587
6012
0025
6781
4333
6409
0363
3292
2594
5158
5813
4586
4102
1222
1087
1406
5785
2854
1316
1230
6218
0454
5800
2523
2193
5831
0316
6038
2517
3268
3385
3593
6130
5897
1160
1594
4912
2456
1783
1786
6371
5093
2396
3284
5083
2516
0229
5150
3334
1001
3087
2755
2674
4774
4372
4521
6402
0234
2921
1650
6092
5096
5602
5542
4560
3856
1450
0232
4261
1726
6703
5333
0650
2561
5526
0571
6796
6516
6633
0762
4684
5911
2645
3538
3992
3723
5814
2419
3469
0475
3618
6546
2049
4805
1857
6373
0265
6331
2042
5639
0315
4423
1767
4663
3080
2034
3760
5261
1681
6304
5558
6897
6662
1018
4748
5752
1723
3727
2512
6904
0817
2036
4499
4904
6768
6289
2379
6278
5268
4353
5907
2338
1702
4533
4772
5614
0117
4722
6858
5593
1529
0681
5783
2362
1371
0005
6320
0568
4122
4318
2946
4198
2164
4082
1418
5641
1847
0165
2493
2020
1161
3331
4957
4155
3542
1666
2951
2514
1442
5342
6818
4476
5727
6584
3062
4931
6969
5663
2919
3273
3771
2110
4924
3320
3787
0703
4634
4466
5291
0567
5998
4332
5866
6783
5348
0761
5052
6145
3226
3157
0347
1639
0015
3742
4112
4289
0955
6367
0911
1656
0135
6709
2059
2336
6732
6167
2505
3687
6326
5632
5177
1500
1436
6548
5010
4282
3453
5668
0655
2729
1169
4443
2210
2237
1165
0049
5713
1709
3119
4469
5666
1297
4163
2243
1768
2021
3718
3662
4444
1434
4059
0628
0998
6383
3145
1194
6495
0674
6061
0833
4865
2436
1858
5934
3962
5081
5247
0076
6221
0032
2238
1048
3413
6134
5916
1216
5354
3535
4603
2165
6279
4064
0058
3383
0743
5071
1988
5170
1603
5434
3994
6072
2418
2460
1776
1659
4235
0196
0718
5284
0667
2348
1110
1923
6428
0256
5004
0435
4592
3096
1744
5721
3493
1410
0944
2484
0556
4978
3154
4547
1336
2128
4918
0945
6512
4615
5832
3686
1056
4575
2081
3483
4543
0800
1061
2367
4422
4587
3972
4418
6539
2088
4023
3884
4348
4494
5667
6090
3824
5419
5530
1383
0896
3017
4446
2562
6236
0313
5404
3207
0926
2249
3191
1530
6140
2675
3255
5863
4578
4880
1563
6932
4849
6323
4662
2735
0271
5972
0651
4259
3434
0136
6097
1624
1729
4290
4545
5463
5051
3609
1284
6892
0532
0242
4518
5914
2026
5398
6285
4292
5873
0171
3821
4316
1068
4193
1693
6455
1994
0928
2702
5091
4329
3303
0789
5645
3944
4437
6853
0139
4862
5606
6968
3523
0824
3380
4366
2318
4686
1208
5755
1254
3933
4471
3492
3875
4183
4275
6051
1585
0997
6860
5076
5930
5345
4875
4688
1441
0930
4535
3343
6957
2738
6893
6570
1580
4429
4785
2586
1862
5732
6228
5092
3882
3178
5310
4202
6451
1915
0919
4036
1462
3479
4037
4291
6600
0183
4105
5723
1541
5987
4693
2001
0948
2010
1814
6406
2565
3258
6203
3019
2633
1392
1324
3624
1182
1367
2714
1173
2004
0221
2114
3923
6318
6209
0624
4462
1471
6962
4838
0768
1606
4160
1544
1288
1282
3110
0236
3959
3679
6906
3026
3814
4811
0720
6907
4113
3631
0129
5041
4014
1400
1806
5956
6956
6074
5449
1637
6338
6545
4513
3941
1286
0634
1524
0530
6361
3114
1455
1632
3155
3522
5397
6005
3827
4331
4675
3265
2974
1364
6251
3633
5898
5833
6887
0920
0988
3370
6309
4635
4339
5039
0594
4674
1884
5098
5360
5198
1620
0268
0286
4944
4812
2136
5701
3834
3013
0478
3946
6470
5270
2048
3996
5514
0733
0932
4388
6989
1633
5746
5385
6043
4243
4271
0104
4232
0640
3047
3045
4001
2043
1251
0956
5241
3559
3027
3353
4746
0968
6954
5988
4762
3707
6344
6089
5885
4818
6523
2747
5101
6807
1706
0332
3112
2679
6728
2421
0237
2628
3590
6801
6200
2836
5925
3670
2381
4623
4938
3028
5804
2803
5762
6036
0810
6037
1600
5544
5915
2005
5603
6111
5596
0051
5891
2401
3460
3238
3091
1440
6175
3849
0964
0576
3346
3256
1423
2606
6871
3371
3659
2267
2392
4585
0885
2354
2869
1463
5790
6529
6549
4740
0509
4657
2925
6566
6870
0819
0091
4893
6273
5871
1707
6615
4794
2201
1408
1347
6736
3322
6950
4778
0346
0711
6574
6016
3151
2850
3509
4229
6293
4879
3286
0933
3650
4685
2705
5788
3628
0938
5619
6252
2745
3845
3908
1200
2466
5794
5395
2051
0201
1467
0962
0653
4124
1610
4668
1396
4496
2792
2880
6948
3472
0723
5467
5964
1236
4960
6653
3335
3825
6587
5798
1073
2942
0784
4646
1808
3344
6267
1484
4156
6556
4448
0001
1839
4015
3848
3136
4544
5967
2468
1567
0131
4628
6282
2143
0664
4951
0318
4525
1764
2617
1878
5943
3185
1715
6391
2986
5431
0235
0040
0039
2263
6188
2620
1391
5665
2775
3244
2154
2504
5365
5744
0408
0710
6762
2653
0724
6113
5637
1107
4676
4583
5060
5115
2611
3740
0209
5050
3431
0226
6832
5507
3281
5704
2198
5674
0771
1188
0886
3654
1655
3061
4983
4571
1424
2126
3264
4207
3744
2996
3565
4057
2610
1049
4883
6019
2841
0668
3526
0947
3011
5708
5110
1746
4385
0902
0276
3698
0553
6410
2364
2162
4158
2490
1833
5021
2420
6589
1157
5677
1942
2229
1631
0137
4168
3984
2312
0731
5932
3611
1187
5430
2454
0518
4593
2236
6842
5555
2256
0487
4061
2269
2795
1029
0022
0716
5865
1951
3398
4621
5545
6192
2730
3785
2816
1960
5491
0695
6644
3995
1358
2808
4150
1335
3694
6583
4622
5038
2685
5565
0003
0297
3974
2879
1626
4186
2719
4199
6017
0987
0059
0319
6039
3739
1193
6126
3967
0780
2713
3174
0157
5537
0327
6663
6002
4362
3139
1416
1934
1285
1389
4792
5875
5584
5541
5109
3666
2474
4613
6970
1778
1262
5156
2700
5466
1795
0389
4810
3422
3784
2881
1041
2990
6637
2949
0942
5575
0893
0575
0081
4636
6720
0868
3929
4567
5166
1325
2821
3184
1730
1651
4671
1474
1853
1601
1930
2905
3530
3854
1825
5910
4330
5037
2819
5075
0822
4637
6124
6153
2383
3438
3252
4213
2603
1163
0077
4226
5321
6224
1258
2960
6744
5306
5113
5308
3228
4409
4876
6688
0134
5697
1387
1672
4733
2300
5712
6845
3585
1365
3835
2369
1753
6165
0916
0110
2149
3863
3098
1533
5218
4313
3634
6317
0921
3150
5880
6281
6636
6148
0392
2651
4905
1946
1901
3400
2434
5412
5658
2066
2253
4206
3234
4140
3475
3758
6006
6664
1770
0107
6437
1447
2646
6398
6062
1479
0861
0816
0627
1016
3372
5487
4899
5560
3663
5085
6156
6106
2865
3482
2280
1569
6355
0598
0795
0842
5349
3183
1912
1822
4114
2498
1505
2902
0588
1840
0906
6445
0452
0873
0570
3575
6759
4842
2574
6564
2247
3924
0092
1466
0673
3973
4027
5246
4729
0546
2153
3137
5534
4935
1444
0749
4724
6042
0626
6182
5791
0561
1011
2329
4950
3131
2502
6173
4706
2665
6340
5322
5070
0354
4441
4252
6987
6673
1671
1099
3547
1708
3032
0036
0336
2630
2397
3504
2305
6307
4293
5874
4708
4915
1791
6125
0633
0436
3775
3081
5901
2914
2529
1123
1647
5359
5958
6354
3714
3054
6397
0090
5624
4185
4564
6604
2663
3921
5327
2559
1704
6185
1356
2895
2331
5883
4315
1334
2363
3602
0191
4074
3441
2689
2079
4873
1277
0156
0341
4189
2811
1534
6503
2862
3294
6622
3795
1174
2211
5029
5829
2596
1807
1343
0891
5761
0978
2185
2295
4319
0219
3521
2682
5012
5280
3163
6345
2909
3086
1954
4493
3552
2444
0643
4770
6567
3563
2097
3167
6577
6040
4065
1641
1820
4310
3809
0180
2997
1457
0288
1796
2465
0411
1596
5105
6704
4908
3351
0093
1414
2242
5144
0314
5690
1670
5705
2495
1452
6519
1213
6011
5164
3109
6922
3297
5173
6609
3317
3291
2614
1244
4058
6059
6488
1688
5747
2801
2937
3272
2170
6180
3811
4965
2948
3160
4653
3790
4434
4537
2078
1773
5418
5497
3651
6522
2827
0413
0125
1879
6381
2487
4701
2018
0744
1522
5647
0179
0375
5498
2029
2783
3170
5355
1886
3064
2528
6706
6982
0481
4408
1932
4558
1071
5756
0551
3682
4987
0542
0239
4767
5386
1844
4814
6033
5773
0147
5035
6004
0335
2308
4773
2955
2011
3058
5215
0098
5751
1535
4307
2618
4177
3111
6558
6655
6114
4209
6775
1710
2874
6925
1132
1360
3390
1253
3976
1832
2330
0248
6631
5892
2239
1914
5473
4640
0888
1055
0471
6233
3713
3915
4840
2556
4757
0641
4848
6534
1206
4793
0410
3363
0690
6330
0752
0860
4433
6171
6198
1468
5446
1346
0339
4320
2254
2500
6101
2999
2900
4270
6774
3968
5351
4085
2297
3518
3095
2511
0401
1074
1382
3024
6077
0074
6453
1449
5757
5410
5462
0713
2199
6464
4204
2033
3881
0430
5929
2718
5242
0982
5982
2912
3791
6117
2975
6434
4864
0053
2220
6839
2069
2453
0164
0416
3128
2340
1772
1940
6362
3546
3561
4340
0943
5510
4946
6435
0853
4984
0951
2259
2858
2643
0787
5326
2993
5324
6319
3576
0427
0803
4655
4887
2768
5613
2186
2016
6713
4489
1718
6875
0418
0266
2583
1407
1831
0068
2289
3437
0251
4775
6231
2910
5450
3750
3474
4467
0014
5817
4190
4857
0018
5961
0302
2553
5617
2287
0746
0872
1792
5849
3156
3138
4501
3543
3103
6971
5908
2347
2793
5086
2304
2781
4986
6579
0983
2671
3168
2271
6315
1549
2169
4173
6298
0840
1234
5819
2319
2749
1964
4454
6926
0305
6983
1292
0832
6212
5420
5425
3983
4806
6399
5540
4771
1009
5273
0295
1756
2031
3615
0205
1757
6595
3847
2837
6838
5175
6372
4187
3717
6944
3920
4029
0203
1961
4215
2148
6380
1542
3918
2968
0726
6667
1094
6420
2371
4274
3077
1577
2441
0290
3014
1592
3015
1390
3245
2082
0597
0790
0372
5525
2779
6086
4968
2400
6229
0864
3144
6222
3503
6793
2956
0901
4087
4650
3280
6620
4410
3991
1290
6129
4981
6964
4930
0779
0310
2440
4170
6515
1354
4398
3696
6339
6551
5264
5582
2414
6766
6118
6553
2932
1838
2072
0009
3519
2041
3338
6370
6065
2372
2684
2310
3433
1861
3458
4844
1429
2276
5512
6758
6792
0931
6879
6161
2601
6555
2415
3310
3761
0064
3840
0479
2822
2257
4764
5743
0166
2216
0011
4594
5216
0798
6023
3069
1046
3416
3940
2459
1184
1712
3314
0261
2676
5493
3569
5700
1564
6540
3002
5793
3480
3391
2439
3534
6462
3653
3734
0685
3551
0856
6634
2548
3055
1550
3387
2969
4205
6911
2826
3554
6916
4624
6478
6711
5281
2896
4791
3169
1293
2413
2373
6777
0966
2780
4998
5126
5768
0178
1266
6422
4666
1368
1155
6517
3202
5948
4508
1904
3762
6449
5572
2213
0705
4822
3699
6098
1128
6638
5877
0637
1448
1837
5401
2457
4867
5381
0657
4928
1270
1936
4041
2286
3348
3082
4263
2989
3692
1054
5295
5821
0794
4985
2277
3685
5377
3210
2443
2857
0240
1178
6333
1737
6336
3950
3616
0358
5289
5217
2897
0682
4847
5172
6369
6868
0365
1568
0721
0557
4726
2061
6079
6184
5601
1196
1514
5949
4509
2471
5065
3192
5523
0362
1295
4179
1595
0175
0757
6764
6000
3804
2706
6054
0262
6056
0565
3617
2763
6442
5644
3267
0729
4413
2038
4743
3620
5856
1232
5244
1374
0215
5890
0579
3442
4338
1473
2152
6946
5350
3818
4342
0004
2228
0616
1211
4659
3862
6446
4607
0712
3630
3079
0809
0275
4765
0952
4672
4425
1887
1882
4386
1097
5263
3768
1919
4137
3947
5683
0060
2368
4420
4021
1305
5539
1180
0699
2593
3118
2044
4577
1503
0247
6513
3697
2255
1565
2361
6350
5977
0367
6100
3842
6193
5272
4139
6448
3316
2544
5451
0776
6102
4116
4288
4217
6616
3629
5153
6836
1020
0694
4530
4343
0441
2315
3162
1698
0996
3367
4054
6306
4994
4539
5604
6891
1990
1014
4308
1428
1323
4549
3581
0420
6642
0910
2592
3822
5799
2788
5787
0111
4689
5571
5203
6421
2851
6700
2382
4268
5985
5458
5594
4145
2744
0708
1591
0648
0031
4415
2461
2549
3528
4131
2698
1895
1538
1677
1725
3669
3721
1636
4582
5696
5078
4929
2870
5870
4599
1907
1369
1085
2652
1644
1081
0981
0950
3942
1545
4194
0086
6698
3050
5331
3041
5000
6247
4878
6702
5468
3625
2188
5959
3577
6346
0099
4030
0400
2845
2235
6024
5608
2324
6425
5194
6416
0066
0294
0182
4962
3490
4378
6058
3285
1609
6115
3232
1231
6075
1329
0970
2957
5058
6680
2086
6483
3423
1156
4795
6810
4436
4680
4562
6294
2703
1754
0062
4739
3229
5511
2678
3361
5906
5801
4242
4354
6880
5314
4031
1105
6874
5257
6499
0084
3646
4699
2537
0751
1562
2759
6557
5191
5588
3971
1775
1154
4523
0480
0279
0080
2877
2864
6068
4007
3753
6694
1027
4223
4269
5332
5651
4430
0269
2282
2800
1271
2200
1906
0153
1701
1150
6746
2489
0922
5894
3596
6082
2778
2272
6701
3786
4835
3667
2716
0021
1207
6961
4022
5427
5837
1225
2221
1255
3716
0909
0895
3747
2741
5772
4967
2591
4346
0473
0152
3832
1060
4683
3165
6128
6825
4093
3607
3140
3902
4424
3708
6827
0088
4151
4927
2482
4949
5715
4602
6511
4473
0827
6007
2631
6601
4546
4532
1755
0455
1317
1812
0482
6618
1629
6050
0883
6146
1640
5634
0353
1485
6489
4728
0439
2590
2727
0692
6684
3599
2119
2943
5141
5044
0012
3614
0304
6029
2407
2024
4972
6135
4006
5208
1793
5679
6749
4863
5271
3146
4715
3182
4017
0424
6232
6528
3601
5047
5171
6575
6965
1675
4267
1142
0127
6508
4853
2090
6814
2028
4630
4227
2924
6191
3978
5127
0345
3702
5822
2566
5483
6322
1700
3776
1689
2496
3197
2223
4749
3250
0483
1852
4286
4250
2438
2050
2268
3341
3858
0969
2916
0056
6857
5913
4871
1635
2204
1245
3377
5976
0620
0132
6159
3488
3277
2294
1834
2337
6840
4052
5445
3085
6368
3712
5435
2472
0017
1257
2181
5642
6913
6726
1096
1491
3529
1680
5682
1955
1643
3159
5017
6521
0820
5780
3931
4956
6332
0101
0801
2608
3420
4438
2113
0687
5102
3381
1309
1881
6830
1303
2449
3810
6936
2003
1573
6846
6277
5396
1248
0161
0380
2765
3426
4402
5336
4133
1937
0621
0756
3732
1653
2065
3647
1119
3113
2486
0500
4191
1138
4455
6924
2771
3456
6561
5079
2163
0745
2886
4356
1278
6819
5623
1152
5939
1738
4056
3911
5400
0065
3592
2416
1827
3850
6215
4942
5488
2839
2731
1195
4161
5269
5812
3010
3121
6186
0406
5432
0274
0038
4884
6689
2558
2458
6826
1732
0476
6412
5631
1204
2520
5513
3099
1953
4127
4117
0811
0096
3070
2824
3312
3644
4367
5834
6099
0437
3153
5981
1302
1126
4078
5971
4999
4830
0244
0394
0502
3428
1586
4034
6270
3349
5807
4118
6568
5951
4900
0629
0665
6452
1748
4277
0783
1439
5423
1127
2432
4176
3375
5640
5648
1829
4869
5228
3345
1078
3877
1224
4551
4141
6276
0559
6649
4447
3308
1015
6305
0484
6225
5533
6598
0548
4407
3253
1175
1069
5515
5965
6245
3520
1691
3658
2334
6919
1072
6779
5922
2357
5561
6436
3722
2756
0984
0635
2843
2410
5016
1223
4123
0974
6204
6525
1916
5151
4584
0061
4221
4195
2068
0364
0887
3147
3033
4679
6208
0796
1745
3938
6121
3673
4979
5186
2175
1220
0224
4555
0925
6144
6181
4677
0414
2377
4188
4855
4561
5368
5139
1066
1850
5735
6312
4214
0190
1294
4019
1813
6530
0374
1525
1574
3532
5823
2519
0225
6927
3880
1679
0772
6476
0177
4711
2124
1326
2251
6359
2076
6617
2296
5933
2301
5370
1845
3193
1811
0079
4008
0960
3516
0357
4837
0273
3141
4234
6938
1130
1742
2907
3142
0514
1070
5211
1799
6611
0097
3042
1139
0094
6745
4921
4940
2965
1520
2203
3279
5820
6929
1437
4608
5857
0113
2074
3873
6400
0554
4380
2629
6407
0848
2217
6605
1170
5862
2015
3368
5568
5223
2447
4495
3622
1263
6824
2835
3715
3489
1782
0103
0112
5621
1867
2013
1353
2569
4345
4570
3487
6396
0961
4989
1167
6155
2273
5675
6799
1779
6127
2260
6851
3379
0007
2649
5376
4868
2690
6592
2101
5143
2680
3689
6930
5003
6898
3455
1883
1885
5022
0403
6596
4309
5918
6928
6269
0855
3876
2761
3675
5437
2281
4068
2155
2786
3952
1865
2790
3919
6582
6625
6353
1135
0370
3176
5974
5254
1327
6087
3251
2117
2230
4859
3205
0472
2733
2575
6776
4617
3770
1513
4992
1685
4747
4888
5671
2355
5489
1229
5869
6682
3464
6514
4966
5612
6136
1860
4832
0936
2423
4891
1630
6547
5896
3241
4647
1762
0881
0763
4073
2404
0586
2570
1575
0959
2206
5069
1397
5008
0284
6867
5554
0618
1421
3610
5532
5995
4828
2625
6677
0704
3792
6735
0444
5155
5771
0821
4361
4831
2000
2530
0905
6263
0417
0303
2138
0577
4836
2732
0900
3997
6872
4210
4350
3757
6690
5946
4062
4253
3838
6648
3604
1028
1798
5459
3936
4652
0608
6687
6850
2976
3495
1805
4047
5989
3772
4690
6013
4490
6348
3301
2844
2398
6554
0595
0603
6659
3859
5245
4631
4011
5356
3290
5066
4954
2463
0805
6939
6712
0701
2604
1851
2325
5259
2176
4115
6122
0831
1446
2161
5592
3356
3556
2388
0574
2688
1966
2657
5231
3657
6859
4012
2658
3874
0020
0143
6580
0680
3891
4750
1667
5887
6440
2232
4324
6496
6581
0322
6691
3350
1186
2901
4516
0527
2121
3893
0037
2935
2291
4397
6763
5429
5394
6646
6640
0669
2241
5301
0799
6048
1517
6143
5766
4691
5903
3123
2250
4278
2612
4465
2655
4321
6365
5876
6900
2970
4371
3888
5062
3221
6674
1350
5729
3735
3903
6028
3637
1427
0170
3355
0253
6444
3008
4517
6334
3700
1970
6883
5926
0148
3129
2683
4357
3909
6009
2187
3948
5414
4611
2279
4159
0144
0486
6526
2752
3003
3412
3124
4616
5285
1974
6602
3894
0607
0293
5725
6612
5107
5207
3227
0912
1404
1064
5556
0124
0334
4135
5152
5763
6456
5842
5288
6813
5997
1025
0552
0249
1221
6959
3736
5439
4755
5689
0431
1979
5628
3005
5774
5921
4228
4450
4553
6314
4327
3683
3386
5960
2533
2784
1398
6780
6610
3088
2806
2782
1306
4760
2073
6431
0407
2428
5440
4910
0564
4244
2191
6494
3449
2776
5383
2917
3056
4861
4590
2807
5626
6723
6248
0095
5243
2374
0963
3505
2623
4913
3108
1053
1889
0433
3800
1828
1004
0791
0398
4736
6847
3075
6078
6195
2393
0702
4396
1741
2531
6531
3104
1572
4224
2709
2947
5726
4648
1246
0852
6855
2292
4922
6686
6772
4231
3259
0764
2521
6571
3710
0024
0507
2723
3671
5221
3912
0308
3498
4709
5453
5184
1735
0622
1658
1947
2579
2261
0660
3090
6890
6947
4735
5197
6865
6411
6142
2527
6559
4285
6837
3078
3328
5011
1509
0250
2815
4541
0623
4633
4016
6717
3049
4405
6738
4251
3820
0677
3127
0504
5968
2899
1092
2885
2677
3116
1661
4110
5652
3473
6541
1921
3979
6170
1086
5607
2552
3965
3763
4417
3837
3283
0446
6651
0672
4238
5646
1551
3189
0146
1361
0536
1871
5649
0445
5643
3358
5495
3597
1264
2872
0725
4514
0145
0549
5209
5494
2233
1013
4248
1939
3515
1143
0390
2636
1508
2825
3122
3917
6414
4401
5406
6246
2012
0973
1291
4483
0034
0379
1470
6303
4284
1751
0491
1956
4220
1426
3603
0447
3536
0907
3582
5681
2918
1759
0560
2959
1183
2926
4045
6864
1017
0965
5924
2244
0562
4043
2386
4360
1148
6714
6986
0829
4803
5620
4002
4046
2913
3476
2849
4039
2650
6053
4682
6632
4426
2339
6196
2047
6817
6046
1560
2083
6308
1460
4797
0949
0383
4901
2982
4505
2648
3039
2915
2995
1101
6091
5767
0258
4256
2332
2769
6995
4091
5024
2214
1384
0158
6027
3360
3756
4732
1761
6162
4573
1477
2231
3403
6918
2751
2172
2326
6190
0366
4246
3765
5007
4162
4363
6578
5403
4432
0591
5320
0698
2928
0490
4427
0524
0243
5279
2327
2353
2467
5818
4498
6949
6466
5764
4390
2525
1328
4678
6791
4826
2998
2539
5118
6288
4971
1422
3330
6292
5455
5678
2973
6183
3539
0758
5442
1249
3177
6685
3830
2543
6258
2848
4707
3333
3211
2672
6356
0670
5809
2134
4581
2555
0041
0844
4788
1532
2344
3378
2112
1420
1648
4349
6202
1797
0360
1619
1558
0850
2833
3084
4939
4519
4651
0986
3125
1692
1816
6149
3914
6967
6205
3347
4095
2435
1664
5407
3040
6876
0619
5297
5920
4790
1849
0918
1162
2316
3767
4400
6504
4996
5222
6479
3296
0154
6705
5180
2394
6240
1419
1488
6831
0155
4721
4128
6668
4919
6112
1740
2111
4958
0202
5947
3987
3454
1489
6672
4192
4314
3925
6510
1984
0737
0485
0052
4245
6710
4488
4534
1458
1189
1007
1210
4522
0181
1379
3766
1584
6809
4705
3467
1166
2402
2984
0326
0000
1848
3621
5738
0457
5775
5905
6141
1401
3570
5535
1818
5212
5056
4126
2375
0063
1300
3677
3424
1928
6003
3307
0662
6341
1511
2568
1076
2462
4196
1380
1784
1719
0583
3743
1763
4435
3782
2408
1830
6902
5559
5168
3484
3038
5485
4296
0442
4644
2023
0647
2422
3580
2587
1121
6093
2306
4784
5015
0812
5374
2030
1147
2245
0994
3777
1136
6187
3935
1137
1043
6213
6639
4322
0159
4497
4845
4507
2302
6164
6862
2640
2535
6787
1922
3236
3649
2032
3860
6291
0589
2577
6771
6560
1625
1386
2366
4712
5265
5183
4079
2664
4598
4368
2534
5536
4872
4399
5090
5399
3805
6955
1006
2773
3793
6166
2144
0632
4107
2248
0736
0149
3660
0515
5616
5728
5251
4744
5103
6811
4645
1058
6057
2842
1668
4500
0085
4336
4287
1613
3201
3879
6324
0884
0451
0604
0317
5503
5953
5380
1714
5064
5889
2739
5941
6973
3247
5563
5337
4260
0646
5552
0519
0115
2554
4211
1958
0946
2972
3052
5966
0033
5868
1983
0778
2510
5112
2177
6719
1344
2009
1826
6069
1146
4552
6084
4369
5500
6761
1168
0592
2875
0520
6424
0892
3463
0941
1948
5095
4758
3922
5424
6573
1129
4527
2699
3907
1780
4152
0573
0296
0188
3623
6147
1554
5629
2093
5464
5303
2750
1084
0781
6972
6227
3288
0467
5119
0150
4077
0151
0899
3752
2798
5236
3583
1516
0306
4776
4783
4384
2930
5657
6041
5811
3468
4719
1483
3115
5312
5784
5574
0528
6984
3254
3208
1669
2764
2796
4083
0440
2022
1310
1859
5803
4854
5187
0523
0044
1559
6363
3133
4208
4769
1120
3566
2027
2147
1040
5032
1402
1870
5329
1716
0206
2691
1713
1728
5276
4038
3222
5919
5460
0405
3562
5240
1181
1088
5290
6264
5805
4071
3745
1296
3007
4787
4172
3023
3977
5129
5698
4780
5600
2307
2708
4823
1660
2541
5125
4819
3627
2014
3374
5258
2483
1604
5204
1403
0870
5371
2777
6487
5104
5309
0343
6721
5030
3030
0169
0460
3588
6108
0871
6172
1905
5192
6805
0630
1250
2025
1035
2627
3203
4414
1122
6992
3853
2290
2451
5130
1588
6752
5551
5436
0285
5777
1749
5097
4230
1628
5315
5142
3213
2656
6347
6256
2384
4067
5132
6794
3934
6597
4406
6490
0593
0540
0162
6491
1581
1075
6139
5094
5088
0333
4049
4240
0843
1876
3506
3803
1214
6415
0453
0329
5072
3943
4452
3746
2275
3419
1375
3001
6022
2475
5318
3589
1902
0614
6978
2662
5411
2127
3435
4614
3126
6427
3886
4481
3287
2265
5278
1417
1026
4347
1982
1304
6015
5486
5635
4026
1493
2218
1091
2125
0187
5796
0443
5472
5841
2758
3819
5346
0030
6032
5009
6788
2817
4907
1267
1880
4897
5520
1846
3889
1892
0046
6132
5630
3545
4379
3239
3000
4694
2116
1318
6966
3046
3508
1997
4492
5680
1176
3711
1695
5942
6206
6802
1469
1968
1461
1233
6280
3665
3688
3065
2840
6910
0075
0847
0755
6934
4703
6094
2084
2936
1890
1019
3053
2873
3930
4055
0953
2477
3831
3613
1042
2737
2171
1158
0199
5219
3693
0785
2540
4460
3572
0590
4134
2647
3808
5936
0581
3999
2478
4201
3359
0741
6613
0072
1557
1673
5057
1240
1933
2179
2433
4601
2060
5840
0638
6176
5082
6104
5224
4526
1894
3319
6915
5136
4086
6889
5740
6119
5145
2479
0773
0972
4084
1903
1381
4337
1301
1616
5753
4813
5566
1198
4143
6287
5505
2452
1874
6665
6081
4665
1308
4923
3537
6834
2547
3993
5042
0184
3275
3021
4766
1047
3691
1399
2513
5504
5864
6060
3395
6960
5361
1941
5382
4964
6199
4294
4556
0774
1409
3564
3783
1431
0684
1765
2846
0338
1993
0823
0323
2668
6328
5454
5100
5938
1298
1481
0210
5952
5006
1571
2532
0402
4866
4817
1566
2430
1607
5023
1900
5053
6722
3720
1313
1265
3407
2492
1144
1051
4816
5731
2820
1378
1104
5182
5687
3815
5962
0517
4486
3158
4777
6835
3418
5714
1945
4262
1433
2380
1925
4975
2234
4993
5546
3638
4171
6096
5702
1319
0469
1909
1059
4344
5019
4618
4638
3135
6734
5002
6201
3817
3224
5335
0649
2403
3574
2209
3794
3661
5131
3899
2710
3951
3797
1612
1332
2557
1815
6070
3898
5736
1972
2704
1703
1275
3857
5043
0282
4377
1854
6678
3864
4955
2619
6426
5927
5758
2589
2351
1676
6820
2632
4096
3209
3640
0220
5963
1519
4961
2728
0516
2860
6382
2722
6654
3216
4157
2450
0769
6643
3396
0330
5854
3664
3578
6542
5362
5286
3459
0535
0675
1556
6656
3016
0991
5672
6214
2106
1605
0839
3076
4175
2941
6896
3243
0958
4000
6660
5717
2695
6401
2859
1502
1543
0525
4092
5769
3274
3444
6500
3981
4914
0082
6782
1052
4574
0967
0384
1686
2834
0585
6283
2545
4459
6533
2205
6392
6076
2852
0116
5237
3510
3841
5547
1657
3676
5352
1037
1512
0267
1913
6244
6715
5694
4821
5975
3900
4604
5516
5692
4491
5737
1952
2624
6217
2889
5846
0311
0914
0118
3799
3632
6405
6886
5711
3411
3517
5225
6230
2609
3246
3869
3496
0547
1841
3594
5230
4136
5543
2868
2266
1276
3855
0042
5477
6747
3980
1496
5357
4166
2040
4572
1464
3271
5618
5615
1370
5316
1205
1149
0331
6743
1177
6219
4225
5659
0432
5838
5970
0836
1927
1445
6342
5538
2767
2190
5313
3409
5174
6321
6931
2746
6237
4302
5137
1898
4306
3998
0814
5839
5567
4149
1112
3143
4700
1896
0596
5063
5384
6357
1451
5433
6268
3051
4020
0793
4799
6679
3071
0325
1385
6352
2774
5343
4804
4609
6923
2328
6765
5307
3059
3812
2426
3044
0241
3927
4515
5135
2017
5367
3719
0828
4920
5438
4889
4257
6806
5810
4947
4754
0019
0750
4503
5413
4334
4370
6325
3366
2323
6385
6593
6384
6912
2988
2473
4781
6430
5782
1113
5275
5378
1247
1769
0356
0715
0851
5573
6903
3511
6429
6296
5266
1494
5422
6975
6447
5040
6821
6477
3373
0415
5848
0807
4303
5274
1279
0291
6408
6921
0255
5745
6250
6302
6607
6629
0734
1771
0611
2991
4381
5825
3555
5884
4664
6403
1555
4737
6669
6585
1821
4504
0387
5456
6901
1261
0537
3462
0368
4075
6501
3497
1638
2333
2524
1190
5452
0185
2770
5421
4484
4894
2551
2542
1540
5851
4453
5527
5227
0438
4656
2180
3225
4660
6473
0195
0531
2503
6543
1377
3451
2184
4391
1430
6716
1062
3417
0035
1965
1717
3402
6843
3173
1083
1476
5522
2939
3180
3612
6388
0826
5073
0927
0766
6441
6803
6417
2526
test1_1
test1_10
test1_100
test1_101
test1_102
test1_103
test1_104
test1_105
test1_106
test1_107
test1_108
test1_109
test1_11
test1_110
test1_111
test1_112
test1_113
test1_114
test1_115
test1_116
test1_117
test1_118
test1_119
test1_12
test1_120
test1_121
test1_122
test1_123
test1_124
test1_125
test1_126
test1_127
test1_128
test1_129
test1_13
test1_130
test1_131
test1_132
test1_133
test1_134
test1_135
test1_136
test1_137
test1_138
test1_139
test1_14
test1_140
test1_141
test1_142
test1_143
test1_144
test1_145
test1_146
test1_147
test1_148
test1_149
test1_15
test1_150
test1_151
test1_152
test1_153
test1_154
test1_155
test1_156
test1_157
test1_158
test1_159
test1_16
test1_160
test1_161
test1_162
test1_163
test1_164
test1_165
test1_166
test1_167
test1_168
test1_169
test1_17
test1_170
test1_171
test1_172
test1_173
test1_174
test1_175
test1_176
test1_177
test1_178
test1_179
test1_18
test1_180
test1_181
test1_182
test1_183
test1_184
test1_185
test1_186
test1_187
test1_188
test1_189
test1_19
test1_190
test1_191
test1_192
test1_193
test1_194
test1_195
test1_196
test1_197
test1_198
test1_199
test1_2
test1_20
test1_200
test1_201
test1_202
test1_203
test1_204
test1_205
test1_206
test1_207
test1_208
test1_209
test1_21
test1_210
test1_211
test1_212
test1_213
test1_214
test1_215
test1_216
test1_217
test1_218
test1_219
test1_22
test1_220
test1_221
test1_222
test1_223
test1_224
test1_225
test1_226
test1_227
test1_228
test1_229
test1_23
test1_230
test1_231
test1_232
test1_233
test1_234
test1_235
test1_236
test1_237
test1_238
test1_239
test1_24
test1_240
test1_241
test1_242
test1_243
test1_244
test1_245
test1_246
test1_247
test1_248
test1_249
test1_25
test1_250
test1_251
test1_252
test1_253
test1_254
test1_255
test1_256
test1_257
test1_258
test1_259
test1_26
test1_260
test1_261
test1_262
test1_263
test1_264
test1_265
test1_266
test1_267
test1_268
test1_269
test1_27
test1_270
test1_271
test1_272
test1_273
test1_274
test1_275
test1_276
test1_277
test1_278
test1_279
test1_28
test1_280
test1_281
test1_282
test1_283
test1_284
test1_285
test1_286
test1_287
test1_288
test1_289
test1_29
test1_290
test1_291
test1_292
test1_293
test1_294
test1_295
test1_296
test1_297
test1_298
test1_299
test1_3
test1_30
test1_300
test1_301
test1_302
test1_303
test1_304
test1_305
test1_306
test1_307
test1_308
test1_309
test1_31
test1_310
test1_311
test1_312
test1_313
test1_314
test1_315
test1_316
test1_317
test1_318
test1_319
test1_32
test1_320
test1_321
test1_322
test1_323
test1_324
test1_325
test1_326
test1_327
test1_328
test1_329
test1_33
test1_330
test1_331
test1_332
test1_333
test1_334
test1_335
test1_336
test1_337
test1_338
test1_339
test1_34
test1_340
test1_341
test1_342
test1_343
test1_344
test1_345
test1_346
test1_347
test1_348
test1_349
test1_35
test1_350
test1_351
test1_352
test1_353
test1_354
test1_355
test1_356
test1_357
test1_358
test1_359
test1_36
test1_360
test1_361
test1_362
test1_363
test1_364
test1_365
test1_366
test1_367
test1_368
test1_369
test1_37
test1_370
test1_371
test1_372
test1_373
test1_374
test1_375
test1_376
test1_377
test1_378
test1_379
test1_38
test1_380
test1_381
test1_382
test1_383
test1_384
test1_385
test1_386
test1_387
test1_388
test1_389
test1_39
test1_390
test1_391
test1_392
test1_393
test1_394
test1_395
test1_396
test1_397
test1_398
test1_399
test1_4
test1_40
test1_400
test1_401
test1_402
test1_403
test1_404
test1_405
test1_406
test1_407
test1_408
test1_409
test1_41
test1_410
test1_411
test1_412
test1_413
test1_414
test1_415
test1_416
test1_417
test1_418
test1_419
test1_42
test1_420
test1_421
test1_422
test1_423
test1_424
test1_425
test1_426
test1_427
test1_428
test1_429
test1_43
test1_430
test1_431
test1_432
test1_433
test1_434
test1_435
test1_436
test1_437
test1_438
test1_439
test1_44
test1_440
test1_441
test1_442
test1_443
test1_444
test1_445
test1_446
test1_447
test1_448
test1_449
test1_45
test1_450
test1_451
test1_452
test1_453
test1_454
test1_455
test1_456
test1_457
test1_458
test1_459
test1_46
test1_460
test1_461
test1_462
test1_463
test1_464
test1_465
test1_466
test1_467
test1_468
test1_469
test1_47
test1_470
test1_471
test1_472
test1_473
test1_474
test1_475
test1_476
test1_477
test1_478
test1_479
test1_48
test1_480
test1_481
test1_482
test1_483
test1_484
test1_485
test1_486
test1_487
test1_488
test1_489
test1_49
test1_490
test1_491
test1_492
test1_493
test1_494
test1_495
test1_496
test1_497
test1_498
test1_499
test1_5
test1_50
test1_500
test1_51
test1_52
test1_53
test1_54
test1_55
test1_56
test1_57
test1_58
test1_59
test1_6
test1_60
test1_61
test1_62
test1_63
test1_64
test1_65
test1_66
test1_67
test1_68
test1_69
test1_7
test1_70
test1_71
test1_72
test1_73
test1_74
test1_75
test1_76
test1_77
test1_78
test1_79
test1_8
test1_80
test1_81
test1_82
test1_83
test1_84
test1_85
test1_86
test1_87
test1_88
test1_89
test1_9
test1_90
test1_91
test1_92
test1_93
test1_94
test1_95
test1_96
test1_97
test1_98
test1_99
